
[2.97688965e-07 6.63014844e-01 1.73572998e+00 7.48911133e-01
 3.00000000e+00] 34629.765812555044 0.0940839945867997 327850505505055.06

[3.12573413e-07 6.63014844e-01 1.73572998e+00 7.48911133e-01
 3.00000000e+00] 1638.4397970609505 0.01148024792518492 328426511265112.6

[2.97688965e-07 6.96165586e-01 1.73572998e+00 7.48911133e-01
 3.00000000e+00] 24704.522428169978 0.3839801702473804 323152458524585.25

[2.97688965e-07 6.63014844e-01 1.82251648e+00 7.48911133e-01
 3.00000000e+00] 40426.50433393858 0.006269760178392523 327706504065040.6

[2.97688965e-07 6.63014844e-01 1.73572998e+00 7.86356690e-01
 3.00000000e+00] 705162.8310190595 0.0012497327995896754 327511502115021.1

[2.97688965e-07 6.63014844e-01 1.73572998e+00 7.48911133e-01
 3.15000000e+00] 34571.45929307203 0.09360956350408604 327298499984999.9

[3.03642744e-07 6.29864102e-01 1.77044458e+00 7.63889356e-01
 3.06000000e+00] 2125.8118258921986 0.14534741619239547 327889505895059.0

[2.99177410e-07 6.79590215e-01 1.74440863e+00 7.52655689e-01
 3.01500000e+00] 69088.39690691898 0.06365607345628073 327574502745027.44

[2.83399895e-07 6.69644992e-01 1.77391604e+00 7.65387178e-01
 3.06600000e+00] 24698.210913009014 0.4499496649377219 328405511055110.56

[3.05280034e-07 6.64672381e-01 1.74527649e+00 7.53030144e-01
 3.01650000e+00] 403495.56347277213 0.002753257522917108 327793504935049.4

[3.01320770e-07 6.70308007e-01 1.77773465e+00 7.67034782e-01
 3.07260000e+00] 333184.40535066347 0.0027703500219548095 327259499594995.94

[3.02773493e-07 6.73225273e-01 1.79453651e+00 7.74284242e-01
 2.89164000e+00] 66472.6674916332 0.0027092088366130725 327307500075000.75

[3.02723481e-07 6.54103924e-01 1.80590901e+00 7.79191108e-01
 2.97729600e+00] 1834.7099361094497 0.01598017170756515 327199498994989.94
