
[2.90e-07 6.56e-01 1.75e+00 7.00e-01] -11615345.066623189 0.4257244066431136 333802565025650.25

[3.045e-07 6.560e-01 1.750e+00 7.000e-01] 3003667.868627934 0.4659330981142985 321037437374373.75

[2.900e-07 6.888e-01 1.750e+00 7.000e-01] -2437900.2951916656 0.28503220016271263 327307500075000.75

[2.9000e-07 6.5600e-01 1.8375e+00 7.0000e-01] -4950871.262951375 0.47562433509656044 330733534335343.4

[2.90e-07 6.56e-01 1.75e+00 7.35e-01] -2803612.0036806245 0.45322185169743456 327229499294992.94

[2.97250e-07 6.72400e-01 1.79375e+00 7.17500e-01] 30393809.518963214 0.46742518129771754 324274469744697.44

[3.008750e-07 6.806000e-01 1.815625e+00 7.262500e-01] -192397905.22091842 0.45501832224012756 319753424534245.4

[3.008750e-07 6.806000e-01 1.684375e+00 7.262500e-01] 16378537.404942004 0.4459745950249816 324490471904719.06

[3.0631250e-07 6.4370000e-01 1.7390625e+00 7.3937500e-01] 124128.50951332631 0.002496145944471172 325846485464854.6

[3.14468750e-07 6.70350000e-01 1.73359375e+00 7.06562500e-01] 268302.2810298559 0.1211850997339671 325618483184831.9

[3.08351563e-07 6.66762500e-01 1.73769531e+00 7.13671875e-01] 6381086.5163422525 0.37539629512495487 316921396213962.1

[3.01894531e-07 6.75731250e-01 1.72744141e+00 7.48398437e-01] 7754582.00055305 0.40108658406469244 317512402124021.25

[2.94814453e-07 6.69453125e-01 1.73461914e+00 7.52089844e-01] 38752566.82572629 0.46135349726836855 321916446164461.6

[2.88045898e-07 6.70798437e-01 1.73308105e+00 7.71298828e-01] -2052557.5661141877 0.4567619071354395 324748474484744.9

[2.97731445e-07 6.57345312e-01 1.74846191e+00 7.19208984e-01] 6229308.964610324 0.4866527364554581 323401461014610.1

[3.00853760e-07 6.71134766e-01 1.73269653e+00 7.41101074e-01] -23876925.11596672 0.40040883855008713 318910416104161.0

[2.96032227e-07 6.70926563e-01 1.76418457e+00 7.34794922e-01] -26184548.311420992 0.46272337114657464 323035457354573.56

[3.00563477e-07 6.56576562e-01 1.73684082e+00 7.45732422e-01] 42248214.99869665 0.2766117302756944 316618393183931.9

[2.97844727e-07 6.75026563e-01 1.70949707e+00 7.39169922e-01] 6226812.020895917 0.43542830643391944 323194458944589.44

[2.98354492e-07 6.72592188e-01 1.73103027e+00 7.50244141e-01] 19819148.438075554 0.4069060532462332 319675423754237.5

[2.99756348e-07 6.65897656e-01 1.69180908e+00 7.58823242e-01] 6650770.31628769 0.3421960146095329 317668403684036.9

[2.98899658e-07 6.57233203e-01 1.73765259e+00 7.64274902e-01] -11741166.648746036 0.24015559570661324 325774484744847.44

[2.98108459e-07 6.70578223e-01 1.71653595e+00 7.45446167e-01] -54719364.11970074 0.4480502213882683 321013437134371.4

[2.97688965e-07 6.63014844e-01 1.73572998e+00 7.48911133e-01] 134316310.70283648 0.4413815935274478 319384420844208.44

[2.99458984e-07 6.64584375e-01 1.73393555e+00 7.47988281e-01] 8712473.75460829 0.41596800670259737 318124408244082.44

[3.00159912e-07 6.61237109e-01 1.71432495e+00 7.52277832e-01] 10624421.534917768 0.3086027489575693 317137398373983.75

[2.99204102e-07 6.65801562e-01 1.72316895e+00 7.42451172e-01] -14589394.826019 0.4429791953516169 319864425644256.44

[2.99731567e-07 6.56904883e-01 1.73724670e+00 7.55003662e-01] 6810388.79300228 0.19597750097564903 315736384363843.6
