2.97688965e-07 0.663014844 1.73572998 0.748911133 
3.1257341325e-07 0.663014844 1.73572998 0.748911133 
2.97688965e-07 0.6961655862 1.73572998 0.748911133 
2.97688965e-07 0.663014844 1.822516479 0.748911133 
2.97688965e-07 0.663014844 1.73572998 0.78635668965 
3.0513118912500005e-07 0.6298641018 1.7791232294999997 0.7676339113249999 
3.0885230118750006e-07 0.6464394728999999 1.6706401057499995 0.7769953004874999 
3.144339692812501e-07 0.6381517873499998 1.594701919124999 0.7910373842312497 
3.0327063309375004e-07 0.68787790065 1.6597917933749997 0.76295321674375 
2.9117701889062505e-07 0.6671586867749998 1.6652159495624996 0.788697036940625 
3.072243146601563e-07 0.6640508046937499 1.7181014723906247 0.7588576089851562 
3.024566398300781e-07 0.6303820821468751 1.770308975695312 0.7726071493175781 
3.0306713477783206e-07 0.6735039460242187 1.6874210889550778 0.7653666998872071 
3.026601381459961e-07 0.6447560367726564 1.742679680115234 0.7701936661741211 
3.105238944968262e-07 0.6461157351832031 1.6978456391279289 0.7411221646733885 
3.0089769737420657e-07 0.6587900667958008 1.7262588947819821 0.7750480584058472 
3.080383079238282e-07 0.655245138796875 1.6943707890703121 0.767926454736328 
3.057562196667481e-07 0.6455977548363281 1.7066598929326169 0.7735944833308105 
3.0327063309375004e-07 0.65472715845 1.7031850428749997 0.7629532167437499 
3.0327063309375004e-07 0.65472715845 1.7031850428749997 0.78167599506875 
3.0968809784216314e-07 0.6462776040416015 1.6842428724389646 0.7871429000679443 
3.0916845035687266e-07 0.6557469322579101 1.6695595121345215 0.7832758418494506 
