0.000000114000 0.000000161000 -0.000003016996 0.000000000000 
0.000000114000 0.000000161000 -0.000002744996 0.000000000000 
0.000000114000 0.000000161000 -0.000002472996 0.000000000000 
0.000000114000 0.000000161000 -0.000002200996 0.000000000000 
0.000000114000 0.000000161000 -0.000001928996 0.000000000000 
0.000000114000 0.000000161000 -0.000001656996 0.000000000000 
0.000000114000 0.000000161000 -0.000001384996 0.000000000000 
0.000000114000 0.000000161000 -0.000001112996 0.000000000000 
0.000000114000 0.000000161000 -0.000000844934 0.000000000000 
0.000000114000 0.000000161000 -0.000000588586 0.000000000000 
0.000000114000 0.000000161000 -0.000000345569 0.000000000000 
0.000000114000 0.000000161000 -0.000000113913 0.000000000000 
0.000000114000 0.000000161000 0.000000111808 0.000000000000 
0.000000114000 0.000000161000 0.000000337046 0.000000000000 
0.000000114000 0.000000161000 0.000000568944 0.000000000000 
0.000000114000 0.000000161000 0.000000809019 0.000000000000 
0.000000114000 0.000000161000 0.000001055400 0.000000000000 
0.000000114000 0.000000161000 0.000001305400 0.000000000000 
0.000000114000 0.000000161000 0.000001555400 0.000000000000 
0.000000114000 0.000000161000 0.000001805400 0.000000000000 